"","V1","V2"
"1",1,4
"2",3,4
"3",2,5
"4",3,5
"5",4,6
"6",3,7
"7",7,8
"8",8,9
"9",7,10
"10",9,11
"11",9,12
"12",10,12
"13",12,13
"14",12,14
"15",13,14
"16",14,17
"17",16,17
"18",11,18
"19",14,18
"20",15,18
"21",13,20
"22",19,20
"23",20,21
"24",11,22
"25",17,22
"26",18,22
