"","V1","V2"
"1",1,3
"2",1,4
"3",2,4
"4",3,4
"5",2,5
"6",4,5
"7",5,6
"8",4,7
"9",5,7
"10",6,7
"11",4,8
"12",6,8
"13",6,9
"14",6,10
"15",7,11
"16",4,12
"17",7,12
"18",8,12
"19",8,13
"20",11,14
"21",9,15
"22",14,15
"23",12,16
"24",14,16
"25",15,17
"26",16,17
