"","V1","V2"
"1",2,3
"2",1,5
"3",1,6
"4",3,7
"5",6,7
"6",2,8
"7",4,8
"8",8,9
"9",4,10
"10",9,11
"11",9,12
"12",11,12
